; Auto-generated by region_mapper.py -- paste this Map() into the AHK module.
; Source image: enteric_feeding.png
LT_ImageRegions := [
    Map("name", "R lung", "points", [[371, 311], [345, 324], [328, 351], [320, 393], [323, 421], [336, 458], [356, 476], [374, 480], [398, 470], [420, 431], [425, 395], [420, 361], [412, 340], [397, 322], [386, 316]]),
    Map("name", "L lung", "points", [[588, 311], [559, 328], [542, 364], [538, 400], [543, 432], [560, 466], [588, 481], [610, 473], [624, 457], [635, 434], [641, 401], [639, 370], [629, 341], [613, 321]]),
    Map("name", "esophagus", "points", [[449, 1], [452, 89], [448, 237], [448, 370], [450, 504], [462, 572], [469, 605], [482, 595], [495, 588], [496, 585], [486, 554], [477, 504], [469, 427], [463, 324], [464, 244], [465, 128], [467, 55], [468, -1], [468, -1]]),
    Map("name", "distal esophagus", "points", [[471, 462], [498, 462], [506, 502], [515, 540], [527, 579], [512, 579], [499, 584], [496, 586], [487, 558], [479, 521], [475, 489]]),
    Map("name", "mid esophagus", "points", [[465, 223], [463, 273], [465, 369], [468, 429], [471, 464], [497, 463], [491, 421], [485, 345], [485, 268], [484, 223]]),
    Map("name", "prox esophagus", "points", [[491, 1], [488, 93], [485, 187], [483, 224], [464, 223], [464, 143], [466, 48], [469, -1]]),
    Map("name", "EG junction", "points", [[497, 588], [504, 604], [518, 623], [535, 642], [543, 647], [580, 653], [586, 654], [575, 662], [558, 669], [542, 672], [526, 659], [507, 648], [481, 629], [471, 605], [483, 594]]),
    Map("name", "at beyond EG", "points", [[550, 629], [534, 639], [543, 647], [571, 653], [586, 655], [590, 639], [587, 630], [572, 630], [560, 631], [550, 629]]),
    Map("name", "at EG", "points", [[509, 611], [521, 605], [534, 599], [537, 607], [536, 615], [540, 624], [544, 629], [550, 628], [534, 638], [515, 620], [512, 616]]),
    Map("name", "above at EG", "points", [[534, 598], [527, 580], [513, 580], [497, 587], [501, 596], [509, 610]]),
    Map("name", "stomach", "points", [[589, 654], [647, 661], [672, 672], [682, 690], [677, 712], [664, 725], [611, 767], [572, 799], [529, 829], [507, 841], [479, 851], [478, 828], [469, 800], [463, 790], [516, 754], [552, 733], [579, 717], [589, 708], [593, 702], [590, 697], [585, 692], [578, 689], [564, 683], [555, 679], [548, 673], [546, 671], [566, 667], [580, 661], [584, 657]]),
    Map("name", "fundus", "points", [[647, 661], [669, 642], [691, 623], [672, 622], [622, 626], [595, 629], [587, 629], [590, 644], [588, 654], [618, 657]]),
    Map("name", "prox stomach", "points", [[692, 623], [721, 631], [746, 648], [762, 668], [772, 691], [774, 720], [769, 746], [764, 758], [661, 728], [678, 711], [683, 691], [678, 676], [661, 666], [647, 661]]),
    Map("name", "mid stomach", "points", [[661, 728], [631, 754], [593, 783], [560, 808], [606, 864], [664, 842], [689, 828], [723, 806], [742, 788], [763, 758]]),
    Map("name", "distal stomach", "points", [[479, 851], [499, 845], [514, 837], [536, 823], [561, 807], [606, 864], [561, 876], [525, 884], [498, 888], [475, 891], [479, 871], [479, 862]]),
    Map("name", "pylorus", "points", [[479, 851], [439, 859], [416, 866], [398, 873], [385, 881], [378, 886], [378, 863], [383, 838], [419, 817], [442, 805], [463, 790]]),
    Map("name", "above at pyloris", "points", [[449, 858], [456, 892], [475, 891], [478, 872], [478, 851]]),
    Map("name", "at pylorus", "points", [[412, 867], [414, 899], [456, 893], [449, 857]]),
    Map("name", "at beyond pylorus", "points", [[412, 868], [396, 873], [379, 885], [381, 899], [387, 917], [395, 907], [398, 904], [406, 902], [414, 900]]),
    Map("name", "postpyloric", "points", [[386, 918], [379, 892], [377, 874], [382, 837], [362, 854], [347, 875], [335, 905], [331, 928], [332, 936], [373, 938], [377, 927]]),
    Map("name", "tip", "points", [[849, 110], [925, 110], [924, 48], [849, 48]]),
    Map("name", "port", "points", [[807, 130], [806, 182], [924, 184], [924, 122], [924, 122], [807, 124]]),
    Map("name", "tip and port", "points", [[925, 242], [923, 191], [603, 189], [603, 247]]),
    Map("name", "below diaphragm", "points", [[780, 637], [782, 716], [835, 715], [835, 633]]),
    Map("name", "off image", "points", [[783, 732], [781, 909], [835, 911], [836, 729]]),
]